8430
10225
8858
9444
10886
11293
7853
12491
7685
7183
8114
7713
12261
10048
6879
10179
11537
9033
8513
9961
8735
9467
8920
12186
8309
9020
8541
8235
9093
7197
9049
6946
8896
10134
10665
9153
10503
7477
10040
10639
8390
7550
9005
8681
7651
9046
7980
5363
8645
8137
8899
10088
8838
8984
8703
8971
8585
8780
7213
11592
10106
10189
9789
10305
12133
9392
10551
10197
7191
9024
13820
12275
9610
12638
12854
12913
9776
14075
9945
11678
6940
10153
11293
9234
9417
11484
10176
10003
10285
9110
11103
9328
9766
9884
9835
9753
9926
10439
10086
9171
11910
9441
9827
10316
10092
9636
9220
10334
9032
9639
9769
9323
9429
9742
9050
9233
9265
11131
9847
9409
9460
9703
7001
10880
9116
9044
9250
10166
9445
9091
9192
9600
10198
9691
9303
9271
9589
10739
9428
6954
9555
4733
7944
9593
9663
7244
12487
7110
7157
9993
6828
12903
4879
7418
6970
12205
12407
11382
9676
12867
10120
11647
9177
8951
8242
13731
10045
8867
8688
9149
11430
10452
10665
10855
9524
15216
14142
8218
8525
15228
11034
10563
8016
10647
7506
7230
9287
9334
9202
10710
8072
7212
9600
13706
9918
13558
8967
11619
10661
9740
8485
10428
9951
9265
6558
8314
7603
9182
8585
7108
8959
12682
11243
11532
8973
11246
6993
14788
10252
8865
10937
10103
9338
8817
7109
4818
12813
9956
12882
10485
13298
9486
7164
8684
6887
6553
10321
7082
6879
7581
6997
10031
11982
10448
7241
7451
7517
8158
9613
10362
9282
10433
6925
8007
8627
12489
6949
8649
10754
10451
9644
9185
7544
7215
8730
9646
8477
7276
8482
8426
11256
8740
7561
10522
9306
8362
7332
9378
9330
9619
13687
6404
8932
9826
8942
9522
8909
8906
7428
12032
9281
9149
9169
9310
10013
8437
8819
9024
8607
7095
8799
8594
8959
9060
10765
8681
8783
9493
9242
9070
8663
8823
8934
8770
9057
8674
6899
8742
9280
9743
6934
9588
10604
10185
7710
7445
9089
7645
11235
9220
9184
6517
10014
7348
10261
10380
10313
8763
9034
10770
11442
9369
13040
10618
9094
9558
9911
8748
9730
6817
9922
9366
9007
9341
8833
9897
13135
8157
9308
8727
11123
15040
8753
8371
9269
8248
7839
7696
7113
6878
7290
8758
9675
11087
9304
9835
11357
13229
11839
11818
8871
9148
6909
9156
6917
8223
8983
7276
8930
9096
7310
9384
8658
5244
10246
6848
5221
10337
8612
8626
10154
9333
8876
9830
9972
7700
8801
8963
8424
9924
8803
9252
9617
9406
7529
8769
9568
9055
9382
11380
6925
9670
9067
12154
9917
9529
3864
9247
9634
9313
9453
9581
8713
8815
9579
8606
9342
10558
9137
9657
5227
9924
6925
11256
9077
7701
8849
7609
9126
9270
7969
9724
7931
8680
9239
9725
9830
9969
9503
9087
10886
9344
11213
9694
11116
10312
8838
8961
9295
7709
8763
7891
7000
9459
10471
8104
8605
9091
5662
7474
9029
10864
7913
7948
8156
11274
6380
9605
8223
8707
12460
12619
12004
12100
11732
12247
11778
8807
8098
8095
8552
8062
8776
8223
8194
8248
6858
8307
12015
8366
7263
7798
8800
11517
10568
11056
8650
9534
10577
10954
9380
7229
10011
10548
12501
6962
8751
9170
6654
6863
7028
7660
6904
13524
13063
8772
12903
12515
12883
12917
6984
13917
13944
10052
8420
10443
13170
10952
11106
9275
13061
12252
7003
7864
7185
12764
10584
11436
7833
9142
7408
7313
7132
10263
8560
8916
9570
10349
11012
11959
8768
8843
8163
8560
8589
8460
8832
7292
7553
6465
7413
7180
10005
9895
9935
9562
8718
7380
9476
11124
11388
8256
7386
7972
8356
12225
11813
12939
11961
12772
7250
9853
10865
10572
7006
10030
10739
6974
9229
8737